68
92
66
94
28
47
48
45
45
20
65
77
91
66
37
27
74
7
58
97
28
71
61
19
72
21
27
70
65
18
45
38
83
28
38
36
15
68
19
81
97
20
83
47
35
5
90
78
41
20
4
78
75
8
99
27
32
1
66
85
29
80
26
4
55
68
79
4
55
63
50
99
98
85
73
0
53
43
68
39
87
60
17
43
62
55
45
51
64
44
60
86
30
24
6
77
76
64
12
48
84
65
46
94
58
8
89
45
89
29
56
22
12
70
59
41
59
34
1
14
28
15
82
8
11
89
15
31
62
69
25
17
75
42
72
93
32
48
97
62
72
31
70
63
8
74
56
75
49
10
84
71
13
13
79
92
1
53
19
73
97
86
70
22
60
10
33
42
96
73
0
58
90
41
46
90
47
49
63
35
42
59
1
48
77
46
12
30
31
70
99
83
17
91
16
37
42
81
68
40
42
8
95
2
94
71
51
32
1
38
73
67
90
29
46
1
1
87
7
25
98
37
95
65
10
37
98
59
30
91
7
52
21
36
80
25
21
44
86
20
10
58
25
43
6
76
37
4
82
0
62
22
66
58
67
55
80
71
89
19
79
36
52
64
71
53
10
68
58
82
95
1
90
72
35
53
25
11
39
78
38
63
20
4
70
77
58
33
43
26
23
78
94
64
25
38
75
32
5
55
14
87
2
29
57
72
7
86
16
48
60
24
7
82
54
56
78
42
29
60
27
37
22
48
46
42
30
44
81
21
46
98
28
17
39
63
67
31
65
53
47
97
76
57
11
1
39
6
19
17
12
43
28
89
85
32
4
88
5
40
93
86
12
72
5
54
29
12
28
92
74
48
37
72
50
1
52
91
67
74
89
58
51
1
18
17
41
35
3
48
8
93
3
57
47
38
68
23
5
62
88
48
29
92
23
23
19
16
76
8
50
83
47
81
85
96
26
49
33
17
16
59
60
27
23
78
76
39
86
56
7
75
31
50
31
61
8
59
23
62
81
97
33
66
26
61
80
60
54
14
49
53
46
10
17
87
42
12
9
17
50
34
95
58
62
62
35
58
76
81
58
24
78
41
26
58
93
12
22
51
35
15
33
24
6
75
55
55
82
99
72
77
93
2
40
98
91
33
77
16
93
87
16
28
6
5
92
28
20
96
20
43
13
92
50
74
44
55
33
1
96
72
37
74
99
51
96
30
11
27
41
90
48
90
96
32
55
60
88
68
53
30
41
2
53
46
31
66
43
82
4
40
88
70
50
26
47
64
93
7
75
62
83
49
24
97
15
83
60
10
72
6
37
95
31
42
97
85
68
29
63
47
80
84
94
70
69
18
25
1
3
70
53
20
0
69
86
42
85
69
48
4
75
37
99
61
16
74
51
43
85
55
25
76
17
53
91
47
65
21
98
17
84
4
62
45
23
6
29
16
26
90
41
45
17
17
93
17
65
66
37
39
27
55
13
80
79
55
89
65
67
72
98
2
50
99
67
28
85
23
82
46
53
51
82
78
47
36
23
55
58
22
4
74
57
6
34
18
57
67
33
5
61
91
92
34
63
61
90
77
68
33
0
38
71
94
11
94
36
92
62
67
66
15
5
98
67
48
49
16
20
3
16
58
17
17
5
51
5
49
9
25
90
91
9
94
60
49
40
45
32
50
77
92
58
59
10
99
70
84
97
12
76
21
60
61
43
3
8
51
16
35
6
19
98
66
93
16
80
19
77
28
67
9
17
28
7
84
5
99
89
79
2
99
97
72
10
97
45
5
42
51
74
92
7
87
9
66
53
26
87
80
66
42
42
42
90
42
10
21
73
69
24
49
66
98
38
88
43
94
33
38
34
83
81
34
26
22
70
66
77
69
28
84
3
92
44
5
11
93
74
30
9
2
83
17
2
27
41
17
41
29
30
28
57
31
82
3
93
99
97
71
44
33
36
3
32
45
53
53
44
18
18
19
63
20
75
4
49
51
84
28
26
89
61
20
30
71
21
98
79
87
98
65
50
54
31
37
69
57
34
47
2
66
81
37
69
63
71
73
25
29
83
31
60
75
8
57
10
2
94
11
79
85
66
87
60
92
33
75
2
61
49
99
5
35
96
98
17
65
31
78
14
95
28
20
69
82
53
97
84
70
12
98
79
6
8
22
22
38
21
92
11
88
85
12
40
82
23
56
34
9
0
52
97
76
73
14
8
55
64
36
93
41
60
43
66
41
40
42
75
90
5
24
28
27
71
27
28
79
57
42
76
40
57
6
57
92
99
37
